29
26
30
20
27
27
27
31
24
31
23
34
33
42
26
22
37
31
27
26
48
24
23
33
24
27
22
21
35
21
37
26
25
28
27
23
21
36
30
43
23
34
20
34
26
50
43
46
25
22
43
21
29
35
43
22
26
24
26
32
38
25
37
21
35
29
26
40
46
25
20
48
37
24
35
27
30
21
21
23
47
28
21
23
20
37
36
23
34
29
38
26
22
42
28
35
35
43
23
22
22
25
30
28
35
26
41
23
26
32
20
28
24
26
28
21
39
20
35
27
35
27
25
33
21
36
23
41
33
37
20
42
20
23
46
41
21
43
25
32
22
22
20
46
22
29
28
28
29
39
22
32
21
28
33
28
38
24
28
27
21
39
36
34
27
21
27
25
40
34
25
25
22
30
29
42
23
49
31
38
32
31
