64
65
79
75
64
74
67
62
66
72
68
68
75
66
46
66
76
48
60
67
77
57
60
76
42
80
60
49
74
37
69
60
61
54
77
54
35
71
52
70
57
71
63
74
61
79
73
78
52
34
66
79
63
78
71
71
76
60
78
72
59
55
64
80
76
74
75
79
72
65
58
75
73
46
65
44
65
67
46
71
74
76
39
42
62
61
57
43
76
51
60
74
48
74
61
77
75
79
40
46
66
65
56
69
63
52
64
59
61
52
75
58
48
72
74
38
74
61
66
47
62
42
64
59
59
70
55
74
63
60
54
67
63
37
75
72
63
67
39
80
60
76
66
80
58
75
52
49
78
65
63
70
65
44
64
57
59
41
75
77
41
64
58
60
78
35
60
60
73
65
50
80
40
51
49
73
37
80
59
65
69
65
